Input file: SPE1CASE1.DATA
Interval 1 (requested): 144..158
Interval 1 (processed): 144..158
Interval 1 valid rows: 15
Interval 1 skipped rows: 0
Interval 2 (requested): 169..183
Interval 2 (processed): 169..183
Interval 2 valid rows: 15
Interval 2 skipped rows: 0

DATA (global merged saturation with interpolated kro, krw, krg, krog, cp, cpog)
    saturation            kro            krw            krg           krog             cp           cpog
             0              0              0              0              0              0              0
         0.001              0              0              0              0              0              0
          0.02              0              0              0              0              0              0
          0.05              0              0          0.005              0              0              0
          0.09              0              0    0.016428571              0              0              0
          0.12              0              0          0.025              0              0              0
          0.15              0  2.3243802e-08        0.04375              0              0              0
          0.16              0  3.0991736e-08           0.05              0              0              0
          0.18  3.3333333e-05  4.6487603e-08         0.0625              0              0              0
           0.2  6.6666667e-05  9.2991736e-08          0.075              0              0              0
          0.22         0.0001  1.3949587e-07          0.095              0              0              0
          0.24         0.0004       1.86e-07          0.115              0              0              0
          0.25        0.00055   2.247314e-07          0.125              0              0              0
          0.28          0.001  3.4092562e-07          0.164              0              0              0
           0.3          0.004  4.1838843e-07           0.19              0              0              0
          0.34           0.01  6.3533058e-07          0.278          4e-05              0              0
          0.36    0.013666667  7.4380165e-07          0.322          6e-05              0              0
           0.4          0.021  1.0227273e-06           0.41         0.0001              0              0
          0.42          0.044  1.1621901e-06          0.486        0.00028              0              0
          0.45         0.0785  1.4178719e-06            0.6        0.00055              0              0
          0.46           0.09  1.5030992e-06          0.624        0.00064              0              0
          0.48     0.12666667  1.6735537e-06          0.672        0.00082              0              0
           0.5     0.16333333      1.875e-06           0.72          0.001              0              0
          0.52            0.2  2.0764463e-06           0.75         0.0046              0              0
          0.54           0.25  2.2778926e-06           0.78         0.0082              0              0
          0.55          0.275  2.3941116e-06          0.795           0.01              0              0
          0.58           0.35  2.7427686e-06           0.84         0.0166              0              0
           0.6     0.46666667  2.9752066e-06           0.87          0.021              0              0
          0.64            0.7  3.5020661e-06          0.898         0.0486              0              0
          0.66     0.79333333  3.7654959e-06          0.912         0.0624              0              0
           0.7           0.98  4.3543388e-06           0.94           0.09              0              0
          0.72     0.98566667  4.6487603e-06     0.94533333          0.134              0              0
          0.75     0.99416667  5.1368802e-06     0.95333333            0.2              0              0
          0.76          0.997  5.2995868e-06          0.956           0.23              0              0
          0.78          0.998      5.625e-06     0.96133333           0.29              0              0
           0.8          0.999   5.981405e-06     0.96666667           0.35              0              0
          0.82              1  6.3378099e-06          0.972         0.4375              0              0
          0.84              1  6.6942149e-06     0.97733333          0.525              0              0
          0.85              1  6.8892045e-06           0.98        0.56875              0              0
          0.88              1  7.4741736e-06          0.984            0.7              0              0
          0.91              1  8.0591426e-06          0.984           0.82              0              0
          0.95              1  8.9217459e-06          0.984           0.98              0              0
          0.98              1  9.5686983e-06          0.984          0.997              0              0
         0.999              1  9.9784349e-06          0.984              1              0              0
             1              1          1e-05          0.984              1              0              0

SUMMARY (original columns only)
sw: count=15 sum=8.15 mean=0.54333333 min=0.12 max=1
krw: count=15 sum=4.8276134e-05 mean=3.218409e-06 min=0 max=1e-05
kro: count=15 sum=5.3491 mean=0.35660667 min=0 max=1
cp: count=15 sum=0 mean=0 min=0 max=0

SUMMARY (merged/interpolated columns)
saturation: count=45 sum=22.5 mean=0.5 min=0 max=1
kro: count=45 sum=18.54215 mean=0.41204778 min=0 max=1
krw: count=45 sum=0.00013624021 mean=3.0275603e-06 min=0 max=1e-05
krg: count=45 sum=25.479679 mean=0.56621508 min=0 max=0.984
krog: count=45 sum=8.49714 mean=0.18882533 min=0 max=1
cp: count=45 sum=0 mean=0 min=0 max=0
cpog: count=45 sum=0 mean=0 min=0 max=0
