THIS IS A TEST OF THE BOASTED EDITOR FOR BOASTVHS                               
   11   11    1
 SO  SHALE  RESTART  DT (SWITCH)  AREA=      160.  PAY=   50.
  0    0      1      1
GRID BLOCK LENGTH
 -1   -1   -1
  240.00
  240.00
   50.00
GRID BLOCK LENGTH MODIFICATION (NONE)
    0    0    0    0
CAPROCK BASE DEPTH TO TOP OF SAND
    0
 3000.00
POROSITY AND PERMEABILITY DISTRIBUTIONS
   -1   -1   -1   -1
    0.25
  100.20
  100.20
   10.02
POROSITY AND PERMEABILITY MODIFICATION (NONE)  RHOG=  0.8200 API=32.2 TEMP=116.0
    0    0    0    0    0
TRANSMISSIBILITY MODIFICATIONS (NONE)
    0    0    0    0
    SAT     KRO     KRW     KRG     PCOW     PCGO
    0.00    0.00    0.00    0.00  567.77  567.77
    0.10    0.00    0.00    0.00  447.77  447.77
    0.20    0.00    0.00    0.01  327.77  327.77
    0.30    0.02    0.00    0.05  207.77  207.77
    0.40    0.06    0.00    0.10   87.77   87.77
    0.50    0.15    0.02    0.19    4.00    4.00
    0.60    0.32    0.06    0.30    4.00    4.00
    0.70    0.59    0.15    0.45    4.00    4.00
    0.80    1.00    0.32    0.61    4.00    4.00
    0.90    1.00    0.59    0.80    4.00    4.00
    1.10    1.00    1.00    1.00    4.00    4.00
    PBO      MUSLOPE      BSLOP    RSLOPE   PMAX  IREPRS
   1500.0   0.0000460  -0.0000232      0.0   6000.0    0
    P      MUO      BO      RSO
     15.     7.93    1.028     1.2
    500.     4.54    1.064    77.7
   1000.     2.93    1.111   176.8
   1500.     2.13    1.162   286.1
   2000.     1.66    1.217   402.6
   2500.     1.36    1.274   524.7
   3000.     1.15    1.334   651.4
   3500.     1.00    1.396   782.2
   4000.     0.89    1.459   916.6
   4500.     0.79    1.524  1054.1
   5000.     0.72    1.590  1194.6
   5500.     0.66    1.657  1337.7
   6000.     0.61    1.725  1483.2
    P      MUW      BW      RSW
    0      1.0      1.0      0.
  6000.    1.0      1.0      0.
    P      MUG       BG        CR
     15.   0.01107  1.083459 0.0000030 0.9969324
    500.   0.01181  0.028548 0.0000030 0.8934639
   1000.   0.01340  0.012584 0.0000030 0.7877164
   1500.   0.01613  0.007501 0.0000030 0.7043259
   2000.   0.01989  0.005355 0.0000030 0.6704402
   2500.   0.02390  0.004351 0.0000030 0.6807933
   3000.   0.02763  0.003815 0.0000030 0.7163074
   3500.   0.03093  0.003491 0.0000030 0.7647638
   4000.   0.03384  0.003275 0.0000030 0.8198649
   4500.   0.03643  0.003119 0.0000030 0.8784292
   5000.   0.03877  0.003000 0.0000030 0.9388061
   5500.   0.04092  0.002905 0.0000030 1.0001030
   6000.   0.04290  0.002827 0.0000030 1.0618140
 RHOSCO  RHOSCW  RHOSCG
  53.917  62.300   0.066
EQUILIBRIUM PRESSURE INITIALIZATION/CONSTANT SATURATION
    0    0
 1550.00 1470.00 3000.00 2800.00
    0.75    0.25    0.00
KSN1 KSM1 KCO1  KTR KCOF
    0    0    0    0    0
NMAX  FACT1  FACT2  TMAX  WORMAX  GORMAX   PAMIN   PAMAX
 1000  1.2    .5   3660.0   50.   100000.    0.   10000
 MITR   OMEGA   TOL   TOL1   DSMAX  DPMAX
 3000    1.7    .1     0.     .05     50.
RECURRENT DATA IPRIM=1 IQTYPE=0 WELENGTH=     0.0 IPAT=0 INJRATE=      0.
    1    1    1    1    1    1    1    1    0
  .01   .001   3.   0.  0.  0.
RATES --  
    1    0    0
PROD1
   6    6    1    1   -11   0    0      0      0
    6.75    0.61
   0      30.0    0    0    0    0    0    0    0
  1.  .01   30.   0.   0.   0.
   0    1    1    1    1    1    1    1    0
  1.  .01   3.   0.   0.   0.
   0     150.0    0    0    0    0    0    0    0
  1.  .01   30.   0.   0.   0.
   0    1    1    1    1    1    1    1    0
  1.  .01   3.   0.   0.   0.
   0     180.0    0    0    0    0    0    0    0
  1.  .01   30.   0.   0.   0.
   0    1    1    1    1    1    1    1    0
  1.  .01   3.   0.   0.   0.
   0     365.0    0    0    0    0    0    0    0
  1.  .01   30.   0.   0.   0.
   0    1    1    1    1    1    1    1    0
  1.  .01   3.   0.   0.   0.
   0     365.0    0    0    0    0    0    0    0
  1.  .01   30.   0.   0.   0.
   0    1    1    1    1    1    1    1    0
  1.  .01   3.   0.   0.   0.
   0     365.0    0    0    0    0    0    0    0
  1.  .01   30.   0.   0.   0.
   0    1    1    1    1    1    1    1    0
  1.  .01   3.   0.   0.   0.
   0     365.0    0    0    0    0    0    0    0
  1.  .01   30.   0.   0.   0.
   0    1    1    1    1    1    1    1    0
  1.  .01   3.   0.   0.   0.
   0     730.0    0    0    0    0    0    0    0
  1.  .01   30.   0.   0.   0.
   0    1    1    1    1    1    1    1    0
  1.  .01   3.   0.   0.   0.
   0    1095.0    0    0    0    0    0    0    0
  1.  .01   30.   0.   0.   0.
   0    1    1    1    1    1    1    1    0
  1.  .01   3.   0.   0.   0.
   0    1095.0    0    0    0    0    0    0    0
  1.  .01   30.   0.   0.   0.
   0    1    1    1    1    1    1    1    0
  1.  .01   3.   0.   0.   0.
   0    1095.0    0    0    0    0    0    0    0
  1.  .01   30.   0.   0.   0.
   0    1    1    1    1    1    1    1    0
  1.  .01   3.   0.   0.   0.
   0    1460.0    0    0    0    0    0    0    0
  1.  .01   30.   0.   0.   0.
   0    1    1    1    1    1    1    1    0
  1.  .01   3.   0.   0.   0.
