HORIZONTAL WELL(1200 FT), 160 ACRES, 10md                                       
   10    9    1
 SO  SHALE  RESTART  DT (SWITCH)
  0    0      1      7
GRID BLOCK LENTTH
  0   -1   -1
  240.00  240.00  240.00  300.00  300.00  300.00  300.00  240.00  240.00  240.00
  293.33
   50.00
GRID BLOCK LENGTH MODIFICATION (NONE)
    0    0    0    0
CAPROCK BASE DEPTH TO TOP OF SAND
    0
 3000.00
POROSITY AND PERMEABILITY DISTRIBUTIONS
   -1   -1   -1   -1
    0.25
   10.00
   10.00
   10.00
POROSITY AND PERMEABILITY MODIFICATION (NONE)
    0    0    0    0    0
TRANSMISSIBILITY MODIFICATIONS (NONE)
    0    0    0    0
    SAT     KRO     KRW     KRG     PCOW     PCGO
    0.00    0.00    0.00    0.00  904.00  904.00
    0.10    0.00    0.00    0.00  784.00  784.00
    0.20    0.00    0.00    0.03  664.00  664.00
    0.30    0.02    0.00    0.09  544.00  544.00
    0.40    0.06    0.00    0.19  424.00  424.00
    0.50    0.15    0.02    0.34  304.00  304.00
    0.60    0.32    0.06    0.53  184.00  184.00
    0.70    0.59    0.15    0.75   64.00   64.00
    0.80    1.00    0.32    1.00    4.00    4.00
    0.90    1.00    0.59    1.00    4.00    4.00
    1.10    1.00    1.00    1.00    4.00    4.00
    PBO      MUSLOPE      BSLOP    RSLOPE   PMAX  IREPRS
   1500.0   0.0000460  -0.0000232      0.0   6000.0    0
    P      MUO      BO      RSO
     15.    10.50    1.039     2.0
    500.     5.35    1.078    93.1
   1000.     3.39    1.123   198.6
   1500.     2.46    1.171   309.5
   2000.     1.92    1.220   424.0
   2500.     1.58    1.270   541.1
   3000.     1.34    1.321   660.6
   3500.     1.17    1.373   781.9
   4000.     1.04    1.426   904.8
   4500.     0.94    1.479  1029.2
   5000.     0.85    1.533  1154.9
   5500.     0.78    1.587  1281.8
   6000.     0.72    1.642  1409.8
    P      MUW      BW      RSW
    0      1.0      1.0      0.
  6000.    1.0      1.0      0.
    P      MUG       BG        CR
     15.   0.01092  1.081322 0.0000030 0.9966967
    500.   0.01171  0.028204 0.0000030 0.8842395
   1000.   0.01347  0.012231 0.0000030 0.7669402
   1500.   0.01664  0.007180 0.0000030 0.6753116
   2000.   0.02100  0.005131 0.0000030 0.6434640
   2500.   0.02548  0.004210 0.0000030 0.6600009
   3000.   0.02949  0.003729 0.0000030 0.7014127
   3500.   0.03295  0.003439 0.0000030 0.7546549
   4000.   0.03597  0.003244 0.0000030 0.8135868
   4500.   0.03864  0.003102 0.0000030 0.8753091
   5000.   0.04105  0.002993 0.0000030 0.9383891
   5500.   0.04326  0.002906 0.0000030 1.0020770
   6000.   0.04530  0.002833 0.0000030 1.0659600
 RHOSCO  RHOSCW  RHOSCG
  54.651  62.300   0.068
EQUILIBRIUM PRESSURE INITIALIZATION/CONSTANT SATURATION
    0    0
 1500.00 1420.00 3000.00 2800.00
    0.75    0.25    0.00
KSN1 KSM1 KCO1  KTR KCOF
    0    0    0    0    0
NMAX  FACT1  FACT2  TMAX  WORMAX  GORMAX   PAMIN   PAMAX
 1000  1.2    .5   3660.0   50.   100000.    0.   10000
MITR   OMEGA   TOL   TOL1   DSMAX  DPMAX
3000    1.7    .1     0.     .05     50.
RECURRENT DATA
    1    1    1    1    1    1    1    1    0
  .01   .001   3.   0.  0.  0.
RATES --
    0    1    0
PROD1
    4  -11      1000.0  0   0   0   2
    4    5    1    4.152    500.0
    5    5    1    4.152    500.0
    6    5    1    4.152    500.0
    7    5    1    4.152    500.0
   0      30.0    0    0    0    0    0    0    0
  1.  .01   30.   0.   0.   0.
   0    1    1    1    1    1    1    1    0
  1.  .01   3.   0.   0.   0.
   0     150.0    0    0    0    0    0    0    0
  1.  .01   30.   0.   0.   0.
   0    1    1    1    1    1    1    1    0
  1.  .01   3.   0.   0.   0.
   0     180.0    0    0    0    0    0    0    0
  1.  .01   30.   0.   0.   0.
   0    1    1    1    1    1    1    1    0
  1.  .01   3.   0.   0.   0.
   0     365.0    0    0    0    0    0    0    0
  1.  .01   30.   0.   0.   0.
   0    1    1    1    1    1    1    1    0
  1.  .01   3.   0.   0.   0.
   0     365.0    0    0    0    0    0    0    0
  1.  .01   30.   0.   0.   0.
   0    1    1    1    1    1    1    1    0
  1.  .01   3.   0.   0.   0.
   0     365.0    0    0    0    0    0    0    0
  1.  .01   30.   0.   0.   0.
   0    1    1    1    1    1    1    1    0
  1.  .01   3.   0.   0.   0.
   0     365.0    0    0    0    0    0    0    0
  1.  .01   30.   0.   0.   0.
   0    1    1    1    1    1    1    1    0
  1.  .01   3.   0.   0.   0.
   0     730.0    0    0    0    0    0    0    0
  1.  .01   30.   0.   0.   0.
   0    1    1    1    1    1    1    1    0
  1.  .01   3.   0.   0.   0.
   0    1095.0    0    0    0    0    0    0    0
  1.  .01   30.   0.   0.   0.
   0    1    1    1    1    1    1    1    0
  1.  .01   3.   0.   0.   0.
   0    1095.0    0    0    0    0    0    0    0
  1.  .01   30.   0.   0.   0.

