 SLANT PRODUCER
  9    9    3
SO  SHALE  RESTART  DT  (SWITCH)
 0    0      0      3
GRID BLOCK LENGTH
 -1   -1   -1
 146.67
 146.67
  30.0
GRID BLOCK LENGTH MODIFICATION (NONE)
   0    0    0    0
CAPROCK BASE DEPTH TO TOP OF SAND
   0
 1900.00
POROSITY AND PERMEABILITY DISTRIBUTIONS
  -1   -1   -1   -1
   0.25
 195.00
 195.00
  30.00
POROSITY AND PERMEABILITY MODIFICATION (NONE)
   0    0    0    0    0
TRANSMISSIBILITY MODIFICATIONS (NONE)
   0    0    0    0
   SAT    KRO      KRW     KRG     PCOW     PCGO
   0.00   0.00     0.00    0.00  470.63  470.63
   0.10   0.00     0.00    0.00  350.63  350.63
   0.20   0.00     0.00    0.003 230.63  230.63
   0.30   0.00     0.00    0.009 110.63  110.63
   0.40   0.10     0.10    0.02    4.00    4.00
   0.50   0.20     0.20    0.10    4.00    4.00
   0.60   0.40     0.40    0.30    4.00    4.00
   0.70   0.60     0.60    0.75    4.00    4.00
   0.80   0.90     0.90    1.00    4.00    4.00
   1.10   1.00     1.00    1.00    4.00    4.00
    PBO     MUSLOPE       BSLOPE    RSLOPE   PMAX   IREPRS
   1000.0  0.0000460   -0.0000232      0.0   6000.0    0
    P       MUO     BO      RSO
     15.     97.75   1.019     1.3
    500.     47.55   1.046    60.6
   1000.     27.24   1.077   129.2
   1500.     17.90   1.109   201.4
   2000.     12.86   1.142   275.8
   2500.      9.81   1.177   352.1
   3000.      7.82   1.211   429.7
   3500.      6.44   1.247   508.7
   4000.      5.43   1.283   588.7
   4500.      4.68   1.319   669.6
   5000.      4.09   1.356   751.4
   5500.      3.62   1.393   833.9
   6000.      3.25   1.430   917.2
    P        MUW    BW      RSW
    0        1.0    1.0      0.
  6000.      1.0    1.0      0.
    P        MUG     BG        CR
     15.     0.01084 1.053224 0.0000030
    500.     0.01160 0.027595 0.0000030    
   1000.     0.01325 0.012054 0.0000030
   1500.     0.01617 0.007121 0.0000030
   2000.     0.02017 0.005082 0.0000030
   2500.     0.02435 0.004149 0.0000030
   3000.     0.02813 0.003658 0.0000030
   3500.     0.03143 0.003362 0.0000030
   4000.     0.03431 0.003163 0.0000030
   4500.     0.03687 0.003020 0.0000030
   5000.     0.03918 0.002910 0.0000030
   5500.     0.04128 0.002822 0.0000030
   6000.     0.04323 0.002750 0.0000030
 RHOSCO  RHOSCW  RHOSCG
  53.011  62.300   0.064
EQUILIBRIUM PRESSURE INITIALIZATION/CONSTANT SATURATION
    0    0
 1000.00  920.00 2000.00 1800.00
    0.80    0.20    0.00
KSN1 KSM1 KCO1  KTR KCOF
    0    0    0    0    0
NMAX  FACT1  FACT2  TMAX   WORMAX  GORMAX  PAMIN  PAMAX
 1000  1.2    .5    1100.   50.    100000.    0.   10000
 MITR  OMEGA   TOL   TOL1  DSMAX  DPMAX
 1000   1.7    1.      0.   .05    50.
RECURRENT DATA
    1    0    0    0    0    0    0    0    0
  .1   .01   3.   0.  0.  0.
RATES --
   0    0    1
SLANT
  2   -1    0    0    0    0    2
  3  5  1   7  5  3   3  5  1    
  0.25   0.  500.  2
  0       30.0    0    0    0    0    0    0    0
 1.  .2   10.   0.    0.    0.
  0   1   1   1   1   1   1   1   0
 .1   .1   3.   0.   0.   0.
  0      335.0    0    0    0    0    0    0    0
 1.  .5   30.   0.    0.    0.
  0   1   1   1   1   1   1   1   0
 .1   .1   3.   0.   0.   0.
  0      730.0    0    0    0    0    0    0    0
 1.  .5   30.   0.    0.    0.
  0   1   1   1   1   1   1   1   0
 .1   .01   3.   0.   0.   0.
  0      364.0    0    0    0    0    0    0    0
 1.  .01  30.   0.    0.    0.
  0   1   1   1   1   1   1   1   0
 .1  .01  3.   0   0   0