WATERFLOOD (HORIZ. INJECTOR, VERT. PRODUCER)
  9    9    1
SO  SHALE  RESTART  DT (SWITCH)
 0    0      0      10
GRID BLOCK LENTTH
 0   -1   -1
 114.32  114.32  114.32  114.32  114.32  114.32  114.32  114.32  114.32
 127.02
  92.00
GRID BLOCK LENGTH MODIFICATION (NONE)
   0    0    0    0
CAPROCK BASE DEPTH TO TOP OF SAND
   0
 1900.00
POROSITY AND PERMEABILITY DISTRIBUTIONS
  -1   -1   -1   -1
   0.25
 195.00
 195.00
 195.00
POROSITY AND PERMEABILITY MODIFICATION (NONE)
   0    0    0    0    0
TRANSMISSIBILITY MODIFICATIONS (NONE)
   0    0    0    0
   SAT     KRO     KRW     KRG     PCOW     PCGO
   0.00    0.00    0.00    0.00  470.63  470.63
   0.10    0.00    0.00    0.00  350.63  350.63
   0.20    0.00    0.00    0.003 230.63  230.63
   0.30    0.00    0.00    0.009 110.63  110.63
   0.40    0.10    0.10    0.02    4.00    4.00
   0.50    0.20    0.20    0.10    4.00    4.00
   0.60    0.40    0.40    0.30    4.00    4.00
   0.70    0.60    0.60    0.75    4.00    4.00
   0.80    0.90    0.90    1.00    4.00    4.00
   1.10    1.00    1.00    1.00    4.00    4.00
    PBO      MUSLOPE      BSLOP     RSLOPE   PMAX   IREPRS
   1000.0   0.0000460  -0.0000232      0.0   6000.0    0
    P      MUO      BO      RSO
     15.     8.80    1.022     1.4
    500.     4.66    1.064    89.5
   1000.     2.90    1.118   203.9
   1500.     2.07    1.177   329.9
   2000.     1.60    1.240   464.1
   2500.     1.30    1.306   604.9
   3000.     1.10    1.375   751.0
   3500.     0.95    1.445   901.8
   4000.     0.84    1.518  1056.7
   4500.     0.75    1.593  1215.3
   5000.     0.68    1.669  1377.2
   5500.     0.62    1.746  1542.1
   6000.     0.57    1.825  1709.9
    P      MUW      BW      RSW
    0      1.0      1.0      0.
  6000.    1.0      1.0      0.
    P      MUG       BG        CR
     15.   0.01084  1.053224 0.0000030 0.9968016
    500.   0.01160  0.027595 0.0000030 0.8883290
   1000.   0.01325  0.012054 0.0000030 0.7760914
   1500.   0.01617  0.007121 0.0000030 0.6877449
   2000.   0.02017  0.005082 0.0000030 0.6544081
   2500.   0.02435  0.004149 0.0000030 0.6678598
   3000.   0.02813  0.003658 0.0000030 0.7064928
   3500.   0.03143  0.003362 0.0000030 0.7575253
   4000.   0.03431  0.003163 0.0000030 0.8146929
   4500.   0.03687  0.003020 0.0000030 0.8749519
   5000.   0.03918  0.002910 0.0000030 0.9367676
   5500.   0.04128  0.002822 0.0000030 0.9993249
   6000.   0.04323  0.002750 0.0000030 1.0621740
 RHOSCO  RHOSCW  RHOSCG
  53.011  62.300   0.064
EQUILIBRIUM PRESSURE INITIALIZATION/CONSTANT SATURATION
    0    0
 1000.00  920.00 2000.00 1800.00
    0.80    0.20    0.00
KSN1 KSM1 KCO1  KTR KCOF
    0    0    0    0    0
NMAX   FACT1  FACT2  TMAX    WORMAX  GORMAX   PAMIN   PAMAX
 1000   1.2    .5   3650.0   50.   100000.    0.   10000
MITR   OMEGA   TOL   TOL1   DSMAX  DPMA
3000    1.7    .1     0.     .05     50.
RECURRENT DATA
    1    1    0    0    0    0    0    0    0
  .01   .001   3.   0.  0.  0.
RATES --
   1    0    0
PROD1
  5    1    1    1   -11   0   0   0   0
 28.78  450. 
  0      30.0    0    0    0    0    0    0    0
 1.  .01   30.   0.   0.   0.
  0    1    1    1    1    1    1    1    0
 1.  .01   3.   0.   0.   0.
  0     150.0    0    0    0    0    0    0    0
 1.  .01   30.   0.   0.   0.
  0    1    1    1    1    1    1    1    0
 1.  .01   3.   0.   0.   0.
  0     180.0    0    0    0    0    0    0    0
 1.  .01   30.   0.   0.   0.
   1    1    1    1    1    1    1    1    0
 .01   .001   3.   0.  0.  0.
RATES --
   1    1    0
PROD1
  5    1    1    1   -11   0   0   0   0
 28.78  450. 
INJ1
  9   -12   0   0.   0   0   2
   1    9    1   35.265    1300
   2    9    1   35.265    1300
   3    9    1   35.265    1300
   4    9    1   35.265    1300
   5    9    1   35.265    1300
   6    9    1   35.265    1300
   7    9    1   35.265    1300
   8    9    1   35.265    1300
   9    9    1   35.265    1300
  0      30.0    0    0    0    0    0    0    0
 1.  .01   30.   0.   0.   0.
  0    1    1    1    1    1    1    1    0
 1.  .01   3.   0.   0.   0.
  0     150.0    0    0    0    0    0    0    0
 1.  .01   30.   0.   0.   0.
  0    1    1    1    1    1    1    1    0
 1.  .01   3.   0.   0.   0.
  0     180.0    0    0    0    0    0    0    0
 1.  .01   30.   0.   0.   0.
  0    1    1    1    1    1    1    1    0
 1.  .01   3.   0.   0.   0.
  0     365.0    0    0    0    0    0    0    0
 1.  .01   30.   0.   0.   0.
  0    1    1    1    1    1    1    1    0
 1.  .01   3.   0.   0.   0.
  0     365.0    0    0    0    0    0    0    0
 1.  .01   30.   0.   0.   0.
  0    1    1    1    1    1    1    1    0
 1.  .01   3.   0.   0.   0.
  0     365.0    0    0    0    0    0    0    0
 1.  .01   30.   0.   0.   0.
  0    1    1    1    1    1    1    1    0
 1.  .01   3.   0.   0.   0.
  0     365.0    0    0    0    0    0    0    0
 1.  .01   30.   0.   0.   0.
  0    1    1    1    1    1    1    1    0
 1.  .01   3.   0.   0.   0.
  0     730.0    0    0    0    0    0    0    0
 1.  .01   30.   0.   0.   0.
  0    1    1    1    1    1    1    1    0
 1.  .01   3.   0.   0.   0.
  0    1095.0    0    0    0    0    0    0    0
 1.  .01   30.   0.   0.   0.
  
